3023
2780
6141
3024
60
166
77
3004
3710
3005
6558
98138
3069b
3020
8
3623
3021
3666
3070b
3010
3022
2412b
54200
43093
2431
3068b
3062b
4274
2420
4070
3622
3009
32062
3460
4519
3795
3713
32054
3820
756
6636
3040b
3003
6536
4162
754
15573
32028
3034
70
3001
71533k03
3794a
3660
3673
59443
85984
3008
32140
87079
4032a
3700
4477
80
32316
2877
63864
32523
32524
32526
3705
2357
11214
42003
3039
3794b
22885
3749
32073
87087
32123b
15068
3819
3818
11477
41677
3941
6091
3002
3665a
6632
32013
40490
60483
3832
4286
15100
4589
2555
3031
32525
6541
32184
30136
85861
32123a
3817
3815
3816
3032
4865a
6143
44728
62462
50950
32556
35480
3706
4081b
3937
57518
15712
3701
99206
42924
98283
18651
3641
32034
3037
41239
4624
2429
99207
2430
25269
2540
87580
30414
87083
4740
48336
32039
59900
60478
4085c
6231
2445
3298
60897
30374
11211
3035
6014
32000
32064a
99780
4282
33909
61678
44294
6019
2654
63869
32449
50746
32002
4459
63868
4593
2436a
4592
3711
4265a
6589
4490
60479
92280
3665
32270
2456
4079
6628
3957a
3702
3873
6587
4865b
3707
32056
3703
6015
24866
4599a
61409
32009
3659
14719
3938
92593
33291
32952
32291
2450
87082
1
3680
50951
32607
47905
26603
43857
11212
3063b
48989
2454
34103
3036
87994
3030
3958
30244
4600
91
60592
6111
6134
2465
99781
41770
3829c01
3895
6629
32063
3033
6157
43722
51719
3029
3633
41769
94925
61252
2921
32016
3709b
22961
4510
11476
3747a
2444
43723
6538b
3007
4175
60481
15462
3737
41678
60601
3038
4599b
64644
30565
93273
3708
2458
30104k02
3176
3045
44301
3062a
3788
4276b
3065
3651
4287a
4488
4315
6112
2730
42610
87552
2825
44302
165
30357
2851
4733
32348
2852
18677
56145
4460a
11090
49668
6005
3070a
96910
973
6553
99008
3245c
6232
55013
11458
2419
63965
4275b
993
4623
11946
11947
52107
60485
99773
54383
30363
24201
2446
14716
24309
4084
92946
3185
4859
92907
60593
93606
6081
32271
2817
32124
4085b
54384
60474
60477
3679
48729b
32014
2447
32018
3738
15535
3028
32250
59426
3838
88930
4445
4862
30365
30383
755
30377
4735
27925
4213
4081a
3830
3831
47457
3956
30137
4592c01
2736
29119
2654a
10197
29120
26601
32015
3742
75535
30413
4864b
2
2569
26604
32803
41740
4085a
65487
24246
32017
4150
4032b
2417
3482
3647
752
3139
3815b
2412a
3027
60470a
2449
3743
6180
18674
3817b
122c01
27263
3822
41669
4625
50745
88072
36840
3816b
3839b
32828
3821
3823
3023b
32192
2853
93274
14704
2339
3006
30028
3747b
55981
44302a
15070
4273a
71944k02
2335
60596
30236
4485
2905
4460b
30364
3899
4531
48092
22385
32126
32530
3940
79
3960
4019
30027a
3959
2436b
35464
4349
