3023
2780
6141
3024
60
166
77
3004
3710
3005
6558
98138
3069b
9218
3020
8
3623
3021
3666
3070b
3010
3022
2412b
54200
43093
2431
3068b
3062b
4274
2420
4070
3622
3009
32062
3460
4519
3795
3713
32054
3820
756
6636
3040b
3003
6536
4162
754
9190
15573
32028
3034
70
3001
71533k03
3794a
3660
3673
59443
85984
3008
32140
87079
4032a
3700
4477
80
32316
2877
63864
32523
32524
32526
3705
2357
11214
42003
3039
3794b
22885
3749
32073
87087
32123b
15068
3819
3818
11477
01
51
18654
41677
3941
6091
3002
3665a
23
6632
32013
40490
61332
60483
3832
32278
4286
15100
4589
3031
2555
32525
6541
32184
30136
85861
32123a
3817
3815
3816
3032
4865a
6143
44728
62462
50950
32556
3706
35480
4081b
3937
57518
3701
15712
99206
42924
98283
18651
3641
32034
3037
4624
41239
2429
99207
2430
25269
2540
87580
30414
87083
4740
48336
32039
59900
60478
4085c
6231
2445
3298
60897
30374
11211
3035
6014
32000
32064a
99780
4282
33909
61678
44294
6019
2654
63869
32449
50746
32002
4459
63868
4593
4592
2436a
3711
4265a
6589
4490
60479
92280
3665
32270
2456
41
4079
6628
60484
3894
3957a
3702
3873
6587
4216
4865b
3707
3703
32056
20482
6015
2432
11478
4599a
61409
24866
3659
32009
14719
3938
92593
3297
33291
74695
24316
15672
32952
32291
2450
87082
1
3680
50951
47905
32607
26603
43857
11212
3063b
48989
2454
34103
3036
87994
3030
3958
30244
4600
91
6111
6134
60592
2465
99781
41770
3895
3829c01
6629
32063
3033
6157
43722
51719
3029
3633
41769
94925
61252
2921
32016
3709b
4510
22961
11476
3747a
43723
2444
6538b
4175
3007
60481
15462
3737
60601
41678
3038
64644
4599b
30565
93273
3708
2458
30104k02
3176
0
44301
3045
49307
3062a
3788
26287
4276b
3065
3651
15458
4287a
4488
37762
28974a
6112
4315
30039
2730
87552
42610
44302
64179
2825
165
30357
2851
6179
4733
88323
62520
32348
2852
64782
18677
56145
4460a
6005
49668
11090
3070a
973
96910
6553
99008
6232
3245c
55013
2419
63965
11458
4275b
993
4623
52107
11946
11947
60485
99773
54383
30363
2446
24201
14716
24309
4084
92946
3185
4859
92907
60593
93606
6081
32271
2817
4085b
54384
32124
60477
60474
3679
48729b
32014
32018
3738
2447
3028
15535
59426
32250
3838
88930
4862
4445
30365
30383
755
30377
4735
27925
11203
25214
4213
51739
23443
4081a
3830
3831
47457
18946
37352
3956
35787
30137
4592c01
60602
2736
29119
2654a
29120
10197
3742
32015
26601
75535
4864b
30413
2
2569
32803
26604
41740
4085a
65487
4150
32017
24246
4032b
2417
752
3647
3482
3815b
3139
2412a
3027
60470a
6180
3743
2449
18674
3817b
4625
3822
50745
41669
27263
122c01
88072
3839b
3816b
36840
3823
3821
32828
32192
3023b
93274
2853
14704
3006
2339
30028
3747b
55981
44302a
27940
14417
15070
26047
30553
71944k02
18575
4273a
2335
60596
15533
10928
60470b
209
4485
30236
4460b
10247
2905
30364
4185
3899
4531
48092
22385
3940
32530
32126
79
3960
4019
3959
30027a
4349
2436b
35464
6191
4229
2850b
3040a
343
3665b
32269
91988
30162
9101
9100
2460
4871
4215a
18948
4083
60594
3245a
3684c
62519
3624
32249
3678b
3933
758
43898
4185a
3069a
3934
2362b
2343
32209
30044
3854
3046
60475b
4590
3704
2453a
4161
14720
44567
41682
32065
3901
4095
3648b
85080
6060
30503
3048b
2476a
2653
42023
55982
58176
69729
14769
50947
4854
3
18649
30237
30562
3675
577b
3068a
87609
11215
32557
04
72504
42446
32072
69910
32198
3676
87697
24116
47397
61184
4033
6565
4864a
6266
15461
6564
3464
28192
24119
2854
4143
42022
2639
47398
60581
87620
90195
13965
15207
2423
6259
4595
4287
30367c
2452
63325
4476
87080
32001
30355
30356
3853
30165
4254
4255
32138
30602
87408
2340
41539
572a
33299b
4697b
92947
23948
75937
3856
87086
64683
6106
4073
38585
64391
62531
6538a
43888
4218a
92438
59895
3942c
65304
2466
4495a
32531
32532
33183
2739a
11954
4215b
2462
20310
36841
2850a
18945
88292
2453
87407
99021
3957b
3479
3680c01
3626c
21
4730
32064b
3581
30153
23950
4265b
4
2413
44568
33299a
85970
24307
2433
55615
44570
18944
4444
03
60471
4022
6215
30000
62361
18653
38320
209b
2377
3833
3963
59349
92950
60592c01
5
3685
33299
3815c01
44309
24299
2346
73092
3837
4716
98585
44676
32606
30586
30055
12825
14418
4211
32494
3455
2878c01
57539k02
4855
4863
92909
4346
3839a
87544
27507
4214
2723
44126
45677
60849
60608
44809
3842a
4180c02
2920
6190
2489
10187
2926
3684a
95820
53451
44674
3857
02
22388
3648a
3943b
6222
30031
4218b
2819
11253
9103
3483
15413
15208
06
4596
3475b
3228b
2959c01
3456
4345b
6556
52501
17485
3712
64178
4092a
30526
4006
63965a
98313
61345
2431p70
3245b
3308
30367b
2744
43903a
4034
2867
3855b
4533
6641
18947
4035
4183
6233
60593c01
91501
60169k02
3962b
3741a
3849
6126a
3962a
6118
57895
3039p34
2582
3184
32059
90258
45590
13971
44861
30099
3787
55976
43903b
2875
6020
88646
14718
28802
47458
973p90
4263
2486
30552
6140
48729a
4497
3660a
50967
64799
13547
4288
30648
3836
2437
41748
33243
18671
11610
2682a
64681
4515
41747
15470
64393
4530
32324
32555
4536
57515
70681
2349a
3307
6087
6182
15395
90540
3041
4261
71533k01
4262
2362a
6
2453b
92582
93095
4598
3300
4856
3626a
4532
6183
10202
50304
30132
85863
42135
2345
60700
24375
4588
30386
3678a
48183
3942b
3900
4870
41854
30176
60623
63082
44375b
91405
2493b
68
2923
2577
6269
2348b
52031
50943
4176
65803
73825
9053
3634
4033c01
3626b
32293
30046
60475a
10314
4447
3043
4522
6070
3730
90194
50
42918
44301b
9102
4273b
6249
43719
86210
50305
24855
13548
4448
51011
50949
92906
39793
2873
2681
4166b
7
4873
32333
6120
6003
05
3935
3936
16770
4770
6583
4266
60208
90398
35459
30504
4872
4857
88293
92410
11213
78258
2610
3039p23
313
71709
680
30367a
2536
32529
2585
30505
98282
63290
56908
62821
30141
25
07
08
32187
3582
3829a
3828
41862
30360
2743
98100
23969
37695
3939
3612
43713
49283
30663
40344
6192
9
30157
60607
6575
44300
15332
18980
92245
57519
15379
6542a
2625
32294
41768
6590
3835
30361d
87618
2711
15
3847
92248
61904
15038
32019
44874
2566
41767
2479
3834
3684
85943
4185b
14395
87761
4591
2341
2494
30008
99009
99010
32068
4022c01
2878
2476b
3844
56891
2494d01
4217
22667
4210a
3475a
57520
92244
64392
64682
4166a
4504
30104k01
3961
2434
2607
2584
3066
2421
85975
15254
15397
4499
44237
64680
30145
4528
87081
56904
2637
2454b
4498
64394
4036
30359a
64647
32474
11833
6264
30395
14419
78666
48205
48208
3004p06
3639
4212b
98286
87414
58090
30391
71708
52
3629
6187
6239
6178
30359b
4345a
4869
4285a
2498
53989
41531
85941
60616b
57585
973p26
4715
28653
3625
2571
2518
4474
4868a
57878
09
64225
30229
92409
32005
2401
2530
2593
15571
15459
76537
2496
30134
4858
40379
61068
3044b
24122
22888
3149e
30259
35
73507
6577
2441
2493a
43711
33078
93555
14413
15706
8001b
4275a
4489a
93792
14696
86652
18977
4861
3848
30541
44661
61254
15456
3861
3640
18976
4509
6126b
6016
92693c01
92695
92696
18
17
4285b
32006
3299
92099
49673
30350a
98138p0a
43892
52901
30166
69
2508
6546
4442
24121
3896
24482
43710
30375
4360
93604
4495b
39262
4491a
2507
4480c01
23801
30140
32083
4151a
42445
750
33320
4150p03
30126
3649
90498
3731
3736
95344
64727
2399
40
92013
93595
55978
87747
11950
47157
2909
2910
64781
58124c01
92402
41896
43720
46667
56902
10201
92690
95228
60476
62360
22890
73230
4287b
2376
2418a
3404
3137c01
6542b
3712c01
2342
973p18
30249
3026
2927
41765
52038
43721
60616a
76116
3326b
37775
973p51
4732
4276a
3228a
3403
50254
92908
48496
6160
2878c02
342
6093a
30258
41764
2516
2695
30071
2655
61780
30057
47755
89522
314e
3049c
30540
30554a
30499
6014c01
28220
44675
3650a
2738
70720c01
6205
2439
30407
32007
3741
55298
55297
55299
55296
55300
55295
62810
30340
30033
19119
53585
93061
16091
3644
973p21
6154
2599
85959p02
6539
61481
99012
23816c02
71710
3040p32
2719
973p40
4475
2865
2039
30179
30133
2468
973p1f
47456
3688
62113
43712
50956
50955
76766
30350b
19121
22484
61482
61
4697a
62743
65489
973p42
3004p90
15303
44822
2994
30043
4503
4493c02
47753
4594
61510
4728
6041
208
95343
31794
3741c01
87692
2626
32125
56890
3010p04
44771
6572
41897
18938
18939
39794
32069
30010
18974
54086
2701
2705
2700
4267
13
973p1b
76260
4742
4151b
4208
72454
98138p0d
30699
24505
35044
11291
6064
73037
2415
62274c01
2850
2696
3842b
1126
1125
3186
3865
41749
41750
41532
3040p33
4493c01
3867
33051
30093
71944k01
61068p01
60212
18759
43121
87693
24869
93594
98989
35442
15469
98397
68568
80015
7049b
2435
3403c01
3317
3841
60219
57783
6079
4222a
572c
76019
85940
23798
2823
6573
52731
2463
4035c01
973p43
122c02
2989
70961
2609a
2717
4746
3039p05
3586
3585
70501c
50450
3811
12939
32498
34816
64453
32932
76289
27261
61485
973p52
4150p01
20
94148
4727
40620
787c02
973p1g
24118
30068
4168
3067
2524
4719c01
973p71
3187
821420b
2356
2542
76279
2483
2546
41879a
2397
48729
57877
33172
64951
22977
60614
56898
2741
25061
89201
88393
98138p0n
64451
65578
98835
64567a
30069
4190
9026
3579
7930c01
2431p02
4506
2422
2543
92411
33303
3613
6014c02
94717
36
35789
92912
451
32008
6048
422
4347c01
2672
32020
3230b
3229b
41679
682
3739
3740
2515b
3189
30159
70501b
4209
6256
2714
92107
64648
60583b
15279
86208
38583
13564
6190a
39789
18646
28588
33492
3815c02
973p6e
6117
28
6104
6061
11208
2527
973p8g
3890c04
73090b
58119
32012
18940
18942
22169
6576
61072
4755
4169
2900
973p1e
30283
3188
6268a
41855
3067a
44224
44225
8201
6083
70501a
70501d
4491b
73435
33125
85
30150
85489a
55423
57894
47720
58181
98284
15068p07
39739
50451
65426
65429
59230
4367
973p68
3488
3148
2470
2579
2580
3298p90
6218
87617
18975
2617
973p75
795
74967
2533c01
3890c01
2040
4071
3890c02
16
61903
44772
53551
2815
32523p01
98834
35185
42531
2484c01
4626
2464
6578
90
4221
22
2515a
4023
973p1d
4093c
4529
4202
2903
33211
3898
3755
3754
43337
44375a
71137
2583
973p16
2587
4444p08
4739
2495c01
81
40244
30292a
64711
16577
93609
18853
21229
64570
93550
98374
30385
6153
3144
4346p03
4597
3314
004659a
4714
30389b
50948
93593
92842
3127a
62271c01
27938
52730
3846p4c
3846p4g
9132c01
821410d
3660p01
2670
64448
3650c
3652
4181p04
4182p04
2440
2572
30194
30155
30362
71075a
973p0a
4489b
30115
973p81
30135
85544
11153
47455
54196
88517
48933
57909
30193
24599
13731
22889
53586
90370
65734
3010p0e
3660b
98138p80
68013
46212
3471
3315
3597
004760b
3491
3876
2488
6119
4617b
30387
57274
30171
11209
94725
2454a
6108
6248
9131
76768
00
11455
45982
61800
23799
42529
42195
6238a
6082
73664
15400
95188
3326a
62359
5306
973p01
12
973p82
973p2a
30256
973p1u
4738a
973pdd
40902
86035
93160
3852a
87615
98281
91884
11399
3044c
15460
39613
2429c01
93348
44302b
98138p07
5904
973p8b
973p14
2513
2448
973p6b
30361a
93094p01
97781
2431p01
792
47759
585
95829
95832
2529
30592
608
4782
7049c
3481
32074c01
3846p4h
4524
973p41
2562
973p24
2428
3942a
3855
3004p20
2959
2871a
973p84
3496c01
40345
3614a
2714a
4479
71184
4092b
3474
30274
4219a
50303
61483
60598
11272
6191p01
41334
34738
4523
32802
48165
38014
28621
51239
51266
40145
8200
3010p0d
6069
973p64
4289
3298p69
3846p45
4332
793
92257
92255
10039
95827
95828
3042
4461
3890c07
3461
2145
25893
6585
1566
32474p01
52036
32061
12799
58120
99013p01
41838
28809
73129
209a
35188
46490c01
65422
71682
69819
168185a
51377
3040p01
902
2526
30285
41766
54096
44301a
2561
3039p32
6159c01
2713
2582p68
4228
48169
18897
18978a
191915c
191915i
4166
2795
2704
2706
2702
973p19
973p22
2573
30228
30388
42061
42060
973p04
30042
2475
2497
30029
3878
48723
71
98263
62701
4342
33057
6254
30151
18171
26021
27448
88704
15092
40378
65735
11055
78329
68212
68211
2348a
973p1c
4343c02
4343c01
784
3324e
4212a
973p73
24947
92198p01
97782
97784
3308a
60583a
46413
4094a
3497
4429
4072
3462
6155
24120
84954
35189
49294
3480
2635
3436
4207
64566
3846p46
6225
2680
4757
9068
2426c01
2443
767
86501
32527
32528
2796c01
70023
2919
2876
821420c
6584
2418b
2563
2546p01
6135
76385
821430a
2570
6123
3040p06
87
6255
58380
2400
522
92926
99774
60603
30089b
14682
30554b
11187a
